32
-0.214 1.059 -0.978 -1.272 -0.677 1.634 1.116 0.704 -1.529 -0.434 -1.735 -1.203 -1.456 -1.918 -1.531 -0.751 0.864 1.38 1.288 1.367 -0.291 0.128 -1.52 0.959 -1.516 0.106 0.943 -0.945 -0.941 1.863 -0.79 -1.758
-0.327 -1.864 -0.016 0.048 -0.671 1.407 -0.852 0.225 -1.542 0.435 1.462 -0.389 1.25 -0.632 0.941 1.479 1.449 -0.399 1.889 -1.767 1.815 0.001 -1.939 1.339 -0.763 0.043 -0.928 0.601 1.106 0.354 -0.114 -1.305
-1.071 0.644 -0.023 -0.769 0.049 0.287 -1.721 0.768 0.117 0.512 0.748 -1.17 -1.599 -1.924 -1.229 -1.436 1.036 1.616 0.955 -1.708 -0.608 1.299 -1.435 -1.987 -1.195 1.925 1.534 -0.055 1.748 1.356 -1.015 -1.718
-0.057 1.791 -0.499 -1.251 1.742 0.804 1.855 1.664 1.169 -0.651 1.601 1.016 1.51 1.567 -0.354 -1.726 -0.517 -0.71 -0.67 -0.957 -1.081 0.497 -0.225 -1.861 0.87 0.674 0.608 0.86 0.645 1.196 -1.024 -0.408
0.84 -1.656 1.77 1.06 -0.855 0.913 0.987 1.737 1.012 1.275 -0.716 1.809 0.739 -0.465 -1.818 -1.54 0.243 0.17 -1.164 -1.664 1.137 -1.429 -0.448 2.0 -0.227 -0.842 -0.44 -1.181 -0.724 -1.401 -0.103 1.95
0.202 -0.209 -1.205 -0.566 0.47 -1.323 1.505 0.252 -1.363 1.455 1.353 0.393 -0.346 -0.015 1.379 1.317 0.252 1.927 -1.764 0.174 1.814 -1.108 -1.664 1.028 -0.596 -0.04 0.071 1.244 -0.889 0.851 -1.559 -0.835
0.805 -1.194 -0.357 0.149 0.896 -1.019 -1.247 0.098 -0.448 0.81 -1.743 1.19 -1.574 -0.936 -1.442 0.432 0.167 0.233 -0.315 1.019 -1.394 0.542 -1.686 0.258 -0.817 -0.737 1.743 -1.008 -0.245 1.117 -0.806 0.744
-1.769 -0.318 1.146 -1.841 1.752 0.679 -1.095 -0.545 1.082 -0.015 -0.866 1.848 0.172 0.099 -0.279 -0.77 1.38 0.324 -0.787 0.279 -1.018 0.204 -0.774 0.09 -1.84 -1.207 -1.974 0.879 -0.713 -0.632 -0.523 1.117
-1.826 -0.257 1.306 -0.49 0.233 -0.326 -0.79 1.234 1.871 -1.474 0.162 -1.193 -0.991 -1.35 1.041 0.207 -1.298 1.094 -0.474 1.316 0.441 0.143 -1.802 -1.757 1.116 0.68 0.191 1.104 -0.683 -0.124 0.364 0.004
-1.191 0.359 -0.76 1.396 1.088 0.564 -0.184 -1.544 1.671 1.26 -1.353 -0.188 -1.39 -0.347 0.051 1.879 1.235 -0.96 -0.597 0.701 0.149 1.966 -1.1 -0.648 -0.418 1.281 0.078 1.937 -1.344 -0.864 -1.175 -0.652
-0.113 1.59 0.16 -1.827 -1.346 -1.952 -0.334 1.529 -1.498 -1.132 -0.34 0.531 1.936 1.32 1.387 -0.526 -0.29 -1.413 -1.227 -1.899 -0.404 -0.149 -0.553 -0.811 0.267 -0.679 -0.751 0.836 -1.25 -0.311 -1.459 -0.028
1.71 -0.661 -1.418 0.461 -1.376 -0.024 0.561 1.809 1.881 0.0 1.453 -1.705 -1.875 -1.134 0.403 -0.196 -0.392 1.121 -0.85 0.571 1.599 -0.832 0.851 -0.855 -1.876 0.311 -0.798 -1.425 1.597 -1.949 0.348 -0.241
0.468 -1.343 -0.428 1.363 -0.789 0.501 1.743 -1.22 1.248 -0.173 0.261 1.342 0.277 -0.585 -0.687 -1.97 -0.747 0.432 -0.009 -0.785 -0.931 -0.77 -0.555 0.943 -1.564 -1.939 0.329 -0.592 -1.923 1.752 -0.604 0.288
0.687 0.852 -0.898 0.054 1.574 0.691 0.726 -0.838 -1.965 1.37 0.071 1.146 -0.699 -1.324 0.966 0.936 -1.09 -1.195 1.146 0.526 1.607 -1.439 -1.688 -0.816 -1.781 -1.261 -1.243 -0.786 -1.632 -0.923 -0.303 0.969
-1.204 0.73 -0.667 -0.671 -1.376 1.243 -0.535 -1.375 0.815 -1.169 -1.053 -0.818 -0.081 -0.41 0.296 1.662 0.638 -1.889 1.098 -1.293 0.324 -1.312 -0.609 1.677 1.295 -0.19 0.356 -1.394 1.793 -1.619 -0.157 -1.302
1.721 -0.419 -0.099 0.466 1.026 1.708 1.585 0.817 1.484 1.352 1.028 1.483 1.834 1.838 0.064 -0.406 0.149 1.76 -0.327 -1.07 -0.591 -1.688 1.917 1.0 1.888 -0.083 1.207 -0.471 -0.499 1.547 -0.932 -1.327
1.19 0.548 -1.843 0.942 0.872 -0.511 0.361 -0.277 1.477 1.642 1.981 1.259 -0.307 0.551 1.424 -0.903 0.211 -0.087 1.978 -0.539 -0.886 0.655 -1.651 -1.568 1.168 -0.173 1.758 1.678 -0.468 1.053 -0.689 1.012
-0.481 1.955 1.488 -1.837 0.525 -1.946 -0.548 -1.986 -1.968 0.398 -1.517 1.699 -1.269 -0.121 -1.083 1.844 -1.743 -1.556 0.143 0.458 -1.134 -0.771 0.512 0.681 -0.928 0.072 0.053 -0.299 1.921 1.455 0.62 0.177
0.091 1.041 -0.554 -1.036 -1.059 -1.488 -1.6 -0.401 -0.593 -0.772 1.378 -0.354 1.904 -0.309 0.244 -0.894 1.806 0.903 -0.516 0.634 0.227 -1.894 -0.373 -0.263 -0.691 -0.23 -0.097 -0.907 -0.456 -1.114 -1.275 1.853
-1.516 1.109 0.804 -1.672 1.403 -1.794 -0.889 1.855 0.777 -0.259 1.78 1.983 0.401 -1.833 -0.062 -0.248 -1.773 -0.563 1.249 1.948 -1.677 -1.216 -1.907 1.98 -0.493 0.296 1.573 1.08 1.524 -1.067 0.592 1.81
-1.95 1.354 0.464 1.409 -1.776 -1.867 -0.199 1.602 1.342 0.739 -1.875 -0.621 0.617 0.311 0.548 0.237 0.272 0.66 1.463 0.745 0.99 -1.075 1.253 0.187 0.177 -1.38 -1.619 -1.293 0.489 -1.263 0.261 -0.708
1.166 -0.745 -1.353 0.175 1.85 1.137 1.613 1.139 0.04 -0.695 -0.966 -0.675 -0.093 -0.406 1.742 0.459 0.184 1.127 1.324 0.286 1.502 0.666 1.878 -0.869 1.421 -0.331 -1.166 0.191 1.046 0.067 -0.397 0.268
-0.579 1.241 -0.141 1.901 0.449 1.432 -1.12 -1.277 0.258 0.878 1.834 0.812 0.352 -0.558 0.249 1.091 -0.713 -1.579 1.735 1.757 -1.57 0.57 -0.104 -0.103 -1.125 -1.022 1.839 1.205 1.456 -1.258 -1.436 -1.872
1.938 1.203 1.596 -1.022 0.712 1.239 1.329 -0.011 0.491 -0.625 -0.542 0.961 0.541 1.166 1.427 -1.269 0.468 0.479 -1.428 1.713 1.113 0.676 -1.543 1.044 -1.424 1.985 1.565 0.257 -0.686 -0.675 -1.744 -1.557
-1.857 1.491 1.2 1.977 0.898 0.489 1.754 0.278 1.696 -1.381 1.378 -0.273 -0.539 -1.591 -0.124 1.337 0.977 0.513 1.836 -0.942 -0.626 0.975 1.087 -1.207 0.469 0.462 -1.354 -0.108 0.594 -1.098 -0.325 -1.716
-0.108 1.551 1.294 -0.168 -0.427 -1.173 -0.41 1.705 -0.004 1.296 0.47 0.932 0.993 -0.467 -1.712 1.609 1.477 1.299 0.813 -0.42 1.707 1.103 -0.39 1.427 1.541 -0.437 -1.018 -0.092 0.726 0.67 0.206 -1.801
-1.727 -0.195 -1.552 1.302 1.677 1.696 -0.398 1.039 0.879 1.441 1.465 -1.697 -1.369 -0.913 -0.772 -1.395 0.854 -1.227 1.719 1.414 1.564 0.258 1.558 -0.134 1.64 -0.076 1.855 0.438 1.596 -1.904 -1.587 1.406
-1.712 1.662 1.119 1.111 -1.075 -0.13 1.467 -1.061 -1.588 -1.388 1.145 -1.217 1.723 1.483 0.977 1.822 0.274 -1.046 -0.201 -0.123 0.181 -0.461 0.38 -0.249 -0.917 0.942 1.183 -0.001 -1.057 0.449 -1.312 0.526
-1.952 -1.559 1.014 -1.743 -1.019 -0.681 0.274 1.02 -0.864 -0.416 0.153 -1.626 1.45 -0.309 0.842 -0.959 -0.354 -1.123 -1.704 -1.4 0.723 0.558 -1.177 1.226 -1.795 0.972 -0.441 -1.223 1.651 0.004 0.058 -1.838
-0.442 1.735 -0.241 1.538 -1.534 -0.523 0.975 0.816 -0.526 0.386 -1.925 1.072 0.931 0.167 -0.756 0.583 0.447 -1.574 -0.154 0.527 1.604 0.09 -1.283 1.616 -0.929 -1.769 0.522 1.878 -1.128 0.388 0.814 1.939
1.699 1.48 -0.826 -0.476 1.918 -1.074 1.908 -1.801 0.316 -0.188 -1.218 -1.194 -0.16 0.01 -0.904 1.522 -1.561 1.127 -0.651 -1.042 0.583 -0.592 1.899 -1.115 -0.684 -0.139 1.805 -0.897 0.539 -1.877 1.214 1.888
-0.899 1.678 0.283 -1.695 0.055 -1.942 0.367 0.76 -1.566 -1.748 -0.981 1.813 -0.304 -1.893 1.921 -0.095 0.155 1.913 -1.411 0.018 -1.714 1.23 -0.877 -1.518 0.944 -1.969 -1.798 1.899 -1.36 0.716 -0.541 -1.419
