| 2.05770  7.41569  -5.91723  7.77824  8.60620  -3.90775  -8.42971  -7.03232  0.55974  -8.80325  -3.97179  2.50439  -1.56355  6.16111  8.41825  -8.95080  3.97080  2.21713  7.68900  6.55774  2.42630  -2.14182  -5.96059  5.11187  -2.04945  -1.04627  5.06821  3.27233  5.84202  -4.14949  -2.65744  -2.10027  -6.73380  1.42533  -4.32204  -8.12760  7.51758  -2.75175  -5.15992  -1.92268  -1.55499  0.86829  -9.41829  6.88146  -2.97060  8.99996  7.93066  -8.99980  1.21709  5.61966  |
| 7.55794  -6.35661  -6.52216  -8.40265  8.75526  1.42839  0.55108  3.82347  -5.29928  -3.60690  9.67398  2.04328  4.29283  -7.05982  -6.53139  9.97079  -5.18743  -9.01380  -2.78095  -0.34735  -0.93648  5.66406  -9.47906  -0.35477  2.54552  -2.44966  -1.35481  0.47618  -1.44946  9.86228  -3.90416  -3.89153  -6.49432  -0.42632  -2.29417  -7.73906  -8.99793  8.25691  6.08441  -4.29721  -5.34999  5.75839  7.74607  8.94284  8.69856  -8.78532  8.91363  -6.48886  -7.79912  -3.86732  |
| 3.16379  1.26440  -8.20326  3.68472  -9.09037  4.34226  -8.76494  -0.44517  -5.18156  -0.21440  -0.58289  0.91428  5.89407  2.92279  -9.51204  -6.40010  5.18372  -8.50997  -8.14320  1.26813  -2.80718  -3.49319  -2.97348  -5.06111  -4.55035  -4.27492  -3.84643  -5.63672  -0.76378  -1.64554  0.49596  -7.60000  9.61886  2.29270  6.08473  -9.47151  -3.36505  7.31979  0.08332  1.45339  -2.89462  9.50043  -7.63233  -7.00055  2.42321  -7.14438  -3.40065  -2.39306  -5.65435  -1.54385  |
| 8.87507  1.53847  4.96296  -4.09842  6.47736  -9.58739  1.62666  -7.36907  -5.22410  -9.13712  0.98539  5.27186  -6.73712  0.60425  -2.43544  9.34760  1.13274  4.19951  6.66739  -8.78394  -4.34710  -6.22723  -9.28351  -1.97943  -3.22778  3.13970  0.87619  3.37157  -9.25336  5.22184  -8.17228  9.62171  -3.23969  6.79068  -4.47671  -6.76233  7.20330  7.14995  -4.13139  -8.02081  8.01283  6.85400  7.25105  -8.72429  -2.54175  -5.18439  -9.37669  8.59099  9.01512  7.29070  |
| 9.80705  -5.33198  -8.93653  -9.47646  2.68859  -2.16431  3.66324  -6.43521  -8.79274  4.40988  8.78663  -6.96503  4.03158  -4.45306  9.82566  9.55487  -1.21538  7.02895  6.70482  4.65322  9.00815  4.71765  1.50722  6.25920  5.99336  8.96547  -8.92519  6.61666  7.55646  -9.91007  3.90736  7.36351  -5.24204  4.97083  7.88704  7.44655  -7.19349  1.55028  -8.98867  -5.98623  -4.03984  9.79796  -2.95126  9.99175  -4.65510  -3.12560  9.54662  4.12952  -6.09664  6.25144  |
| -1.21726  -7.08850  0.96909  -9.71004  9.17071  -3.03755  9.25543  -9.75448  -6.42089  6.81189  -9.66455  7.48647  4.17540  -4.90659  2.45730  2.06244  -7.46004  5.26381  -6.38727  -6.44871  9.27758  -0.42711  -6.65075  -3.67367  -0.43537  -1.30585  3.20073  -0.88875  -7.17633  7.10408  -4.63731  1.60642  -9.98441  6.33178  1.89638  9.18629  -6.70577  1.15181  9.43181  -3.12666  -2.03630  9.76727  -5.64019  -7.86090  -5.13933  6.81710  4.20154  -2.59937  2.08092  7.81427  |
| 0.95192  1.35850  -2.61284  4.30117  7.68482  6.95179  -7.00468  0.88555  -3.93695  -4.18100  -2.01037  1.42574  7.42541  -1.99478  -2.24248  -0.67821  -2.80849  1.05175  -9.52640  -3.37667  7.92508  -1.56269  -3.60941  -7.71511  0.57641  1.25127  9.10199  -5.22205  8.65190  1.18291  -7.40778  -0.39619  -7.45859  -0.02062  -6.09502  -9.77377  -3.06882  -3.09969  1.11178  2.99422  2.71930  9.10141  -5.58004  0.14472  -2.89337  2.17748  9.46651  4.29815  -6.77077  9.94012  |
| -9.07852  -8.84569  -1.62258  -2.68793  -6.56080  8.95383  8.56333  -7.45881  -6.26822  7.21523  3.72410  -3.67599  -3.18096  6.26551  6.30339  0.72402  6.49174  -6.76543  7.62433  -2.39648  6.22879  0.34364  -3.29506  -9.35125  -9.51165  3.81157  2.82623  9.95486  -1.89028  6.05546  9.89498  -0.96880  7.20977  -1.72760  6.34326  -9.35103  -2.77377  4.90660  -6.80984  0.95802  2.12183  6.91427  7.28202  8.94087  3.17978  3.58541  -0.33511  -0.32848  6.81998  -2.71077  |
| 7.27505  3.04877  7.63286  -6.02002  3.69752  8.12121  7.79156  -3.47625  8.07608  -4.09872  -7.42079  7.97106  4.93248  9.78898  -3.75654  1.27574  -9.56205  3.46970  -3.81766  -6.37189  -5.57229  8.30417  -9.45762  -8.29026  7.24504  3.72216  5.29515  -3.09007  -6.60632  2.11513  4.19916  -9.33128  -4.83610  1.83202  -5.35129  8.86142  -0.04677  -7.55973  -4.61482  -1.97069  -1.65845  -2.03562  -3.99963  -6.72597  -2.24664  2.24383  4.54977  -1.80869  -4.28647  -9.26789  |
| 1.81941  0.14124  9.03628  2.36179  1.85098  6.28132  -3.91605  -2.85387  -6.80875  -0.52237  9.26127  7.39041  0.14635  -5.57483  -0.77758  4.79506  -6.71341  9.17566  7.23533  -1.32823  -2.79503  -4.42312  6.63615  3.20533  -1.14910  -5.61049  -4.55084  -6.59932  2.58082  1.16269  -5.86721  -5.59977  -8.69607  -6.83093  6.76202  3.15491  9.45039  -7.15403  -9.69896  -7.35836  2.32360  9.56231  -9.96796  -7.53005  -6.01252  -0.74553  7.26501  -2.72593  -1.56988  4.50034  |
| 5.94584  5.63509  -9.92279  2.58199  -1.15958  -1.07188  6.97151  4.28959  2.32879  -0.44768  -4.54772  6.46158  3.95256  -3.24379  9.63065  0.71458  9.91112  9.08104  3.56056  -9.78784  -8.27733  -4.11585  9.77447  -8.24529  -1.64590  -6.23805  1.00918  -4.38089  1.03602  9.43930  -9.88055  -3.01814  5.07439  -9.80334  9.56386  -6.08518  -0.87522  6.53536  8.20440  -8.54643  -3.91231  -6.34332  7.91515  -9.95975  0.41288  7.54580  0.75483  0.32400  6.62684  -5.68461  |
| 0.53617  8.34951  0.19954  0.31064  -9.89578  8.55364  4.07259  1.11340  -5.82725  -4.89139  0.55271  -5.70780  2.09048  -4.37290  -5.51115  1.65434  -0.45808  3.61363  -1.81030  -2.25368  5.06720  4.27739  1.40299  2.98235  4.31764  -8.18412  0.52815  -4.92753  2.13988  -2.84501  -0.61215  -7.32395  -4.49550  9.58739  2.98669  -4.39128  8.14103  -2.94072  6.72212  -7.68622  2.16789  -2.72517  -3.39402  -5.74163  2.90193  1.09483  5.91271  -7.55615  -5.29154  -5.89759  |
| 0.19016  9.77566  8.37980  -8.40684  2.75802  2.69743  -6.59096  -6.71383  7.76990  5.54892  0.44116  -2.84225  8.22496  5.94566  -3.25486  1.21165  -8.44563  -5.11383  8.27092  8.27649  -2.80005  0.43882  -4.44868  3.80593  4.69719  8.45325  -5.09924  0.60989  -9.10290  -0.39077  4.71230  1.08726  -0.61511  3.09210  2.68042  -7.85709  -4.21047  6.08945  -4.57092  -6.44058  1.63837  5.87024  0.71717  -0.13667  1.81589  7.46231  -8.92502  3.37027  -7.65152  9.34591  |
| 1.64676  -0.45156  -0.21528  7.19808  -6.64563  -5.51809  5.65133  -1.74487  5.09180  6.54843  7.86436  -0.19590  -2.36431  -2.75075  -7.10381  -9.68389  -0.60784  -1.31428  6.40556  4.82123  2.24514  -1.95607  0.69147  -7.03768  7.90727  -7.49264  -9.57537  8.98225  5.87763  -7.22689  8.32815  -2.47561  2.32155  -1.88713  -5.27753  5.67591  2.59478  -9.62620  -6.06896  -2.31342  6.92224  -8.20460  7.49068  -5.44207  -0.95535  -9.61313  -5.12596  8.43680  -0.92740  -8.72040  |
| 3.25804  -8.68226  -0.67647  -6.05049  -5.71994  -2.76920  -3.54313  -5.29532  -3.78696  -7.66550  -2.52221  -5.45880  -0.14111  9.79934  2.65407  4.58136  5.47525  -4.75115  4.95516  9.40629  2.93543  1.87740  -8.79831  0.42611  6.43532  0.24634  0.81299  -8.69064  -1.31685  9.88558  -7.41104  -8.05882  -8.79668  1.91249  -4.10931  -4.51662  9.14329  2.34756  0.18806  -4.64367  4.68206  7.66585  -0.10247  -5.45906  7.46519  -7.44840  9.12230  2.94044  -2.19955  4.07746  |
| 2.34674  -9.26412  -4.04515  3.54843  1.16199  -7.60983  -6.20523  -8.02502  -6.30047  2.47792  -8.13944  -3.71151  4.41910  -6.93612  8.20098  -9.69021  -1.45274  7.34426  2.65735  8.73532  -7.29941  -2.66059  6.40118  2.59812  1.88035  3.86637  5.14971  1.00265  -3.19319  -7.04984  -4.91989  9.15355  -6.31396  1.03496  2.70198  4.84803  3.42513  6.49676  6.82301  7.12467  -1.02532  8.68357  -6.58684  -6.60622  -8.25254  -8.38587  -6.29643  0.29472  8.95840  6.36093  |
| -0.96996  -8.34101  -6.29967  -4.56878  4.25711  5.58069  9.29759  -0.59318  -3.41667  -3.89560  2.35698  1.66344  -4.74205  6.04302  -7.30160  7.95993  0.89106  6.12353  4.45668  -2.28593  3.24819  -6.56864  -3.60236  6.66135  -3.17486  -1.85490  8.27548  0.52872  8.43982  7.23388  -3.11036  -2.53013  8.89287  0.58998  2.90109  3.14997  -3.82934  2.19868  -7.44321  2.75400  8.30307  4.91378  -5.58257  -6.43898  0.95680  -2.88417  -8.47905  -8.15214  -6.76064  5.97764  |
| -0.43807  6.48755  9.40900  5.95957  3.14890  -3.76586  -5.89533  1.42438  6.76286  -7.45550  -1.34174  -6.34750  0.01436  -2.44887  4.24248  -7.08455  -9.29890  -9.58686  5.11412  -6.74210  3.16714  3.41720  8.17167  7.58457  6.97822  -0.87153  -5.29960  8.49917  0.97633  -2.06024  4.47681  -9.46174  -5.57269  3.88581  6.49783  7.57621  -9.88005  -9.39750  -0.99941  6.88281  -6.85300  7.65885  -9.46469  3.16136  -4.79002  4.77778  6.07681  -4.08892  5.19092  1.19093  |
| -0.83103  -1.64194  -5.39187  -2.65935  -4.05737  -8.41365  6.46912  0.64303  -9.91447  -2.55455  8.58278  4.56234  -2.01629  -6.98991  -1.55185  -5.51847  -9.41370  -1.43190  -4.91597  -0.41311  -4.54909  -1.76897  -2.75427  -4.01378  -8.60761  2.45571  -9.23600  7.46920  8.36679  5.95493  -1.33987  -2.46424  -5.68701  3.26826  4.87641  0.25562  4.85462  1.34553  -9.10136  4.94014  8.79098  9.48143  -0.49751  -3.22531  -7.50848  7.95064  1.25622  -6.92219  -3.48126  6.34025  |
| 2.66470  1.96965  -5.42872  9.91043  7.95587  -4.03633  2.36614  8.71988  -6.56713  0.73293  4.67481  2.09300  8.26869  8.98780  -4.63874  3.14511  -0.75659  -9.78412  -5.50936  0.14206  5.15602  -6.71838  -0.37652  -5.34149  0.05631  2.11500  -7.39086  -8.68747  5.19281  -0.87211  7.65278  -2.14249  -8.90246  -7.77593  -2.23206  9.05341  -1.81226  -9.86592  7.77329  1.62061  0.86701  2.44810  -6.28639  -0.86430  1.43589  -0.92513  -7.71919  -9.32069  -0.70925  -3.22855  |
| 0.82136  -5.55323  0.05306  -9.55516  -0.89472  -9.89063  2.55984  1.71442  -8.57810  -2.24735  -9.15769  9.07468  5.61015  -8.06015  -8.70126  -6.62191  -9.00674  -0.51352  -6.48783  8.76655  -8.89291  4.37918  1.21465  -5.17930  -6.48512  -7.34946  3.89557  -4.20431  -6.67016  -6.81368  2.56713  4.15120  -2.36691  -7.37980  4.59605  6.73837  -7.27043  -2.84412  -1.54721  -5.84853  4.90853  -0.70490  -6.77386  0.51868  1.23494  -5.47511  3.89677  2.22820  4.01137  7.40894  |
| 0.99475  5.11846  1.78811  -7.79060  9.93916  5.30299  -5.14006  3.83473  -8.90132  -1.81022  7.02106  3.66581  -7.65902  -5.34585  6.28601  6.93703  -8.60748  9.01558  -5.90709  -0.15469  -6.83295  9.00144  9.14041  -3.60681  -0.47988  0.37535  0.91808  -6.58311  -7.39644  -5.07055  -9.17417  3.59831  -9.95209  2.61394  5.80771  9.98707  -2.08307  -9.33236  3.82180  -0.98439  -1.14258  0.84286  -7.31857  1.19840  5.49701  8.96744  -1.86457  6.88953  7.98302  2.22834  |
| -3.26516  -8.84993  1.22978  -4.12475  -2.45673  -9.25010  6.25060  8.46134  -5.83321  8.85416  -6.60921  -5.00738  2.45247  -6.56130  7.60656  -1.73982  -6.57424  -4.47651  -1.07218  7.24757  4.53910  7.78524  -1.90958  7.22053  -1.01636  -6.41257  6.18797  7.11907  -9.52304  4.17099  -0.65258  -2.78820  5.32106  -9.42280  3.08705  -7.13567  -8.67290  -0.66234  -8.67433  -4.50610  -1.80818  -5.28353  0.48652  -9.35571  -1.84484  -1.90692  -1.09553  1.58093  3.61658  7.83229  |
| -1.17151  -1.84432  5.61753  6.91892  -4.62379  -5.39883  -9.49365  -8.43582  -8.27975  -9.01669  5.73517  1.06766  -1.80488  1.05624  1.64486  -8.71783  3.92057  2.97196  0.61983  5.24624  8.46586  8.81165  9.96271  -1.04762  9.45594  -1.88213  7.04546  -1.63959  9.69880  0.66204  -3.80730  -1.47271  8.81772  -8.18977  -4.55380  -5.80607  -3.58860  -4.04745  -4.24189  -1.86835  -3.06414  -8.50671  9.19931  5.13098  2.54953  0.84417  6.41315  -3.52991  -6.18386  -2.96702  |
| -8.28366  -7.71800  -4.15538  -8.32096  1.23438  -4.69943  -0.20309  -1.72016  3.66098  -0.50429  8.94188  9.85368  8.02300  7.75960  -8.33609  -6.53080  -8.04646  -1.92469  -0.57825  -2.28835  6.20696  6.35761  -0.79506  5.40627  1.48859  -8.24554  -3.74956  -2.09826  -1.77544  0.06658  4.93472  -0.05911  2.34858  -9.22066  1.61994  -6.41704  -3.92009  -8.58315  1.86280  9.74088  0.91256  0.80468  9.59456  -1.06444  -1.43571  -8.74153  2.40476  0.51782  -0.66622  -8.17350  |
| 8.22947  -4.45926  8.18412  -2.56559  -9.05299  -0.32729  -0.81113  -2.80255  7.57445  7.41343  7.26403  2.50917  -2.64568  -0.38739  3.28851  8.97426  3.19557  9.36841  -9.60889  -4.94163  9.10929  1.30367  5.86305  8.70385  -9.76077  -5.57266  9.96232  2.64398  4.94516  -0.70390  4.47049  3.17464  4.83684  2.65461  -9.39095  5.78385  -7.67268  -0.20208  -7.01869  9.90177  -2.78865  -9.75466  2.41093  4.56567  -0.14205  -4.30056  3.53993  -6.94648  -4.93215  3.93104  |
| -1.88811  -5.82286  -4.76529  -6.02506  -7.11900  -4.52606  -1.59772  -7.15668  8.11793  -6.65256  2.13942  2.58842  6.52208  -3.02374  -4.75698  7.13112  -7.23988  -2.42966  -3.07096  -4.25857  -2.52790  4.14039  -4.01323  9.88303  -1.29394  5.84472  -4.41753  -7.75400  8.89823  0.65032  6.17704  -2.98988  4.82746  -8.58825  0.98506  7.70846  -3.11430  9.38733  -9.44822  -4.99638  -7.26523  2.69120  7.59204  9.25685  9.66746  -7.16494  6.38797  -7.57242  0.40540  -6.68299  |
| -1.83099  7.87750  7.45740  4.15577  7.76053  -3.83653  0.00049  -6.65699  -1.59054  -1.10128  3.99333  -5.41350  5.90884  -1.17921  -4.00174  -3.10610  -3.47076  2.88395  -3.71877  -2.91898  7.88758  -0.98400  9.77222  5.47961  -1.72716  9.43968  8.31468  -5.33919  -8.13274  -1.27993  -2.02218  0.03627  -3.40243  -4.56478  -5.80796  -5.64189  1.59869  4.19253  -2.29889  -9.99185  -6.90875  -8.30556  -5.40535  9.00009  0.51523  0.59291  -4.10601  7.04447  -6.52314  2.17522  |
| -5.87451  -8.63556  -8.80878  -6.10229  6.84405  -0.53594  -6.66261  5.15873  4.12487  -4.79534  -6.12120  -7.89731  5.24093  0.47637  -2.46209  9.43297  4.83448  9.13660  3.62550  -7.46441  9.14475  6.71675  -5.76997  -6.26060  5.71685  4.74526  4.33231  -8.38916  1.78973  7.80917  3.78605  5.91522  9.17361  4.97727  9.81293  6.01766  -5.55867  -6.84967  1.17639  8.56620  -1.64502  5.05519  -9.33111  -6.40409  -4.46844  -1.79320  -6.97112  -9.63396  -2.65660  6.65439  |
| -7.09837  -3.51185  3.37114  -2.86833  0.22755  -0.91201  -8.12307  -5.44014  0.69882  3.66666  -7.63097  -5.51513  -0.41812  -8.45736  9.46214  -0.60518  7.56029  -6.09653  2.54514  -1.26332  -7.53034  -9.09987  -6.20813  -6.86145  -5.50396  -0.67658  1.34535  -2.47508  -0.31054  8.68875  -5.82069  2.59110  -4.82310  7.55044  9.72276  5.40445  -3.36157  -8.40031  9.96430  7.33725  5.26635  -7.66667  -8.17788  -5.15177  -6.12403  -8.71574  4.24305  -8.56374  -4.81227  -3.21181  |
| 0.17294  -2.34261  -2.31169  3.96481  0.79594  2.18435  -6.71177  -7.85871  9.70927  2.97769  -9.16996  -6.11142  -4.43121  -3.99307  -8.56098  -4.70845  -8.58862  -1.92255  -3.10876  -8.62432  -4.58530  -7.84241  -6.29099  -2.76318  -2.99417  -2.41502  -1.47892  -8.75113  -0.97876  3.70881  -1.96294  9.19418  -8.63380  5.72538  3.15899  2.16214  -2.09027  6.44722  4.30343  -2.38100  -0.57508  5.13347  1.50757  4.99370  -8.85960  2.94659  -9.71474  -7.44823  -8.97596  -2.82350  |
| -6.07254  -3.56126  -0.66591  -2.36353  3.67556  6.33992  5.22145  -7.80335  7.58879  -5.75731  5.90546  -4.37415  -6.56313  7.27166  -8.64877  6.59586  -0.56620  -0.73905  3.04309  -6.26277  6.87995  -7.53200  8.87070  -1.61248  7.46171  -9.98890  -8.66589  7.74696  -7.43713  -7.64184  -5.07654  -3.50967  -1.20310  4.25755  4.12680  -7.52754  0.59747  -0.65176  -5.33089  -1.81374  3.59093  -9.42543  3.81212  7.02781  7.84623  5.16334  3.62367  -2.71997  -5.57570  -3.33324  |
| 1.01727  -8.69575  -0.86524  -0.11203  -0.30823  -3.40354  -0.10094  1.02588  -5.65657  2.46194  3.38404  -0.73311  8.95226  -7.81907  -6.47556  3.07906  -5.34661  4.12192  -7.57270  -0.67750  -7.69182  6.01824  -0.10293  6.12030  3.04604  -2.25670  1.28364  -3.33029  5.02333  5.70794  3.33647  -3.95940  7.01218  -7.52877  5.92856  -3.29605  -0.93231  -4.17237  7.72983  3.41112  8.28956  1.11387  -7.32200  7.24183  3.29480  -3.79755  0.32088  7.94820  -9.67564  2.74819  |
| -2.72930  -7.36746  -1.23358  7.16777  8.75284  -8.18754  -5.08893  0.03648  -1.51783  9.93440  -4.25559  -8.18136  -4.02500  -7.24340  -5.71013  -8.09644  -0.53945  3.35756  -2.26882  -2.80962  -3.23133  -3.97925  8.30424  -0.55332  -6.73743  1.59905  5.64912  3.58346  -0.45276  5.97349  -3.66836  6.81794  8.60603  5.09806  3.98571  7.35887  6.91053  8.89678  -2.60465  -4.60730  8.83118  3.13976  -2.78866  -5.19383  5.89636  1.50121  -3.29027  -4.64309  -5.14123  4.44091  |
| 2.54728  1.62744  -9.53834  0.85153  -8.92588  -6.27577  -7.54943  6.72324  7.30769  1.99781  2.69673  -6.36067  -1.18425  1.30276  8.73739  -7.19854  -1.33837  5.64792  -8.30176  6.05698  -8.95938  -9.47059  -0.80325  -1.74804  -4.66441  -4.90689  9.75317  2.04532  0.45002  -5.38806  -3.51377  -7.00270  6.23938  -3.05211  3.84882  7.31350  0.67212  6.29939  4.03674  -2.02019  -1.70280  -3.26652  1.61914  7.11296  8.03624  0.35654  9.91442  -3.30213  -3.99554  -8.38734  |
| -7.24514  -2.95492  -7.85793  1.95160  5.29704  -2.52234  7.04471  5.05021  9.52297  -2.50527  9.66215  -3.99080  0.49202  5.90153  2.95709  -5.65915  3.21503  -6.37078  -9.35976  -2.74822  1.60903  -1.06256  3.98526  -6.77183  -3.94960  2.02149  3.58471  -4.03518  8.71937  9.58917  -2.42252  -8.52578  -3.36575  -0.28045  3.42582  -8.06871  7.19721  0.47054  6.98150  6.72018  7.96526  6.64365  -7.27061  -1.54271  2.54518  5.68648  2.79814  -4.23978  9.31570  3.43837  |
| 3.01200  0.92473  -7.62418  -3.00275  4.15290  -1.57378  9.01875  -2.26238  4.39103  7.73811  -2.67321  -8.03149  9.21233  3.96104  1.68806  2.63816  5.89232  -1.11473  -6.89131  2.87382  -4.39455  -8.92604  -0.48253  -1.66517  -0.46875  -7.93734  -5.97869  -7.67062  -2.17713  -6.66299  5.76776  -9.16513  4.26174  8.14357  -2.16787  -1.58536  -3.43021  -3.14913  6.15225  -9.03918  -5.41102  -6.52096  -7.07067  -6.19868  7.44008  4.61739  6.43947  3.33240  -6.49735  9.54817  |
| -3.79378  -0.89190  -9.37788  5.72369  7.44293  0.15337  7.78635  -8.53576  2.48275  -4.39078  -5.19875  -1.74949  -3.55590  9.06299  -3.60592  4.27622  -2.52237  2.96387  -8.87291  -6.37012  3.92469  -4.28392  -2.89108  6.85402  -0.48261  -5.45100  1.47141  -4.04313  7.88139  4.97407  -4.49497  -5.91238  -5.91783  -3.87284  9.81131  -8.47490  6.28053  7.59766  -7.01065  -1.23672  -6.79312  -2.20940  7.01379  -0.34902  -3.14641  -6.59213  -6.07280  4.33122  6.37174  -4.94571  |
| 7.96110  0.29643  0.77037  -4.92998  -2.84954  -9.71224  -0.38099  8.62187  -3.75537  -2.49959  3.59594  1.74967  1.58802  7.67811  7.87682  1.39933  9.20321  4.15735  -1.00301  -7.80744  -7.07937  2.20387  -0.01684  9.93442  -8.14515  6.83675  -6.65770  -4.21795  1.16796  9.71404  0.83634  -0.87094  0.01047  -8.39329  4.19907  7.16093  -8.10552  -6.18191  5.78280  -1.86089  1.31849  -0.62126  9.88877  -7.09348  -2.94315  7.76560  4.30585  -3.73994  1.92295  -6.69716  |
| -1.54738  4.84359  5.50671  8.43577  4.77801  7.36156  5.27252  8.12031  -6.85640  -3.55952  7.83435  3.97995  5.56954  -2.15518  5.58666  -0.23139  -4.99425  7.48114  3.58670  -9.21145  -4.37976  -5.09480  0.16729  -4.49098  -2.18829  7.22414  -6.72538  -7.88244  -6.51580  5.19757  -4.57960  1.93681  0.04115  -9.07289  0.37259  -5.18084  8.28867  -4.35489  -7.06053  -8.56773  2.08559  -9.22619  5.41222  -2.34487  -1.38137  0.99888  7.42374  3.62438  -1.51999  1.01044  |
| 4.41293  4.10026  5.91564  -5.41978  9.60927  -6.27265  -8.19564  -7.11611  -4.15508  -4.71144  8.08146  1.26532  7.22537  -1.87739  2.19243  -2.40204  2.94177  0.48110  3.24306  5.88124  1.91337  -4.67135  6.65506  -2.67441  2.98378  -4.72631  8.32446  0.40752  8.89807  -3.19553  -8.58203  3.31100  -9.09527  7.33361  7.89122  -9.48600  -8.93904  9.69558  -6.60211  -3.09412  -5.01587  -8.52065  8.17120  -7.79050  -0.39804  0.36363  -0.19254  -7.45626  -9.15527  -6.94948  |
| 8.42498  2.75810  -1.62082  5.08004  -9.91631  -8.63704  -9.64628  8.40815  1.77048  9.25179  -4.78738  3.18845  2.56279  -3.88265  0.52206  0.45401  -3.36864  1.58302  0.14959  0.02925  8.48890  5.13372  1.50860  6.66010  7.34322  -8.88944  -2.97627  -2.84932  -6.34570  -2.13154  0.20120  -7.92072  -9.37344  8.58037  7.15931  -9.28975  9.94333  7.51304  9.11840  1.71381  6.76483  -5.66897  -5.09774  -0.67238  0.44838  5.42432  9.78164  7.07973  -2.99266  -0.06878  |
| -2.89102  -4.50375  -4.93506  8.61758  -7.84365  -7.59184  9.72815  -0.81991  -0.44116  -6.61756  7.04855  9.76003  -4.53828  7.67511  8.34041  -7.37897  8.38537  8.28374  -9.86593  7.50377  -0.00245  6.89890  -8.16521  4.89981  -3.77348  2.28317  0.32414  -3.99184  -0.63710  7.33148  5.93938  6.47189  -7.17227  -8.99568  5.08947  -5.01592  -6.58752  4.81762  4.16416  2.97131  8.20006  1.21271  2.73135  -6.33822  -1.11217  1.07175  -3.71719  -2.72681  -0.64451  -3.58312  |
| -5.22304  9.35304  -6.68422  -3.38825  4.25285  -0.45770  8.89492  -5.42301  5.55045  -1.74218  -8.09153  1.48983  -5.27029  -5.26380  2.49415  9.81918  -0.27973  5.90663  4.63680  -6.11556  -1.12206  2.83686  5.09715  -8.39071  6.49864  -6.01502  2.68104  -7.21855  1.25818  -7.96346  -0.80167  6.03514  -8.61042  2.51410  -7.35311  5.64243  -7.94360  -8.45819  -9.78058  7.60685  -0.20037  -7.87211  -0.90332  4.52934  -3.13591  -8.40917  4.34852  6.58436  7.49746  -1.01468  |
| -9.53120  -3.62459  -8.17782  5.56595  -2.01530  8.32081  9.55094  -9.33426  -8.89774  0.80911  -7.29772  0.30059  -3.15575  -5.90814  -7.18531  -0.50887  9.73429  -5.12891  1.03294  9.95371  -7.52206  -9.16743  -7.91840  1.57462  5.36192  -1.05431  3.16546  -0.28956  -4.46995  0.66292  8.69576  -4.00115  7.03833  -9.48206  -8.43519  -4.97698  8.83875  -8.88426  -4.31123  9.94101  1.92485  -1.60896  0.24160  8.76910  2.48290  3.05629  -1.73977  2.21719  7.92738  9.29317  |
| 2.17090  -9.59468  -9.87425  4.25250  1.97995  5.48767  -6.80180  -4.85459  -4.80189  -1.27175  5.80833  -6.10613  4.72710  2.84665  -5.58819  6.29191  7.86968  -6.74944  7.40765  -6.44156  -6.80843  -0.66750  1.94949  3.43318  -1.89840  -5.56761  -3.51053  6.36184  6.64958  -5.58315  5.65501  -1.17952  -5.17783  5.78076  -6.92702  6.80212  1.26843  -3.72882  -8.05247  6.46653  4.99943  7.75585  -9.63960  -0.27347  0.60251  -5.22779  -3.98156  -1.52781  -1.97723  -6.57391  |
| 2.03063  1.21434  2.75859  -6.01988  -5.35248  -9.13980  -1.58749  1.13698  7.22203  -4.93792  5.55384  2.87704  3.88256  -9.62399  -1.34220  6.95555  7.17813  9.92623  -6.77327  9.12566  6.39276  8.22615  6.88151  6.75316  -2.04732  -2.51598  -8.47463  3.97112  5.95620  -0.45187  7.39721  -2.01317  -9.23753  0.15580  1.96695  -4.59001  1.01599  -9.62055  6.54697  -1.76198  -4.55846  2.10081  -8.88493  9.32410  2.47682  -0.22713  6.27965  -0.34505  -0.30090  9.50638  |
| -1.21939  -3.90814  7.73253  -4.33788  -7.15498  -4.31479  3.14613  -5.62961  9.65633  -0.89767  3.91853  7.05354  7.08917  4.68100  -2.79067  -0.94389  -9.90901  8.22533  -0.56443  6.63796  -3.53665  4.87711  -1.26123  -2.42158  4.20121  -8.78441  7.35129  0.48086  0.87054  -2.94961  -0.01277  9.65115  3.14225  -2.28024  -4.68674  5.98727  3.40497  8.45940  -9.64233  3.06130  -2.43827  4.27619  0.11484  -5.34910  -1.04281  7.32417  3.70701  -0.95182  5.54950  -6.85742  |
| -4.31386  -7.98715  8.01968  4.42491  -0.40873  2.22089  5.64050  -3.05744  -7.29825  -3.48896  3.99295  2.68898  -3.83781  -2.86480  -9.59126  1.47545  -6.87752  3.81372  -0.06515  -6.51986  -3.12498  7.49658  7.75633  6.98986  -7.85253  -3.28648  4.31403  5.85448  5.76170  -0.13648  8.99706  -8.55216  1.87637  7.01674  5.87275  -8.53236  -0.76236  1.51325  -1.58980  1.93939  8.02429  -7.59685  -5.37163  -5.81352  -0.46164  -4.96289  5.66194  2.66083  8.85083  -4.40322  |
| 6.14098  -4.27415  -6.90664  3.89731  -7.28430  -4.75917  -9.38917  7.02973  -8.90469  6.37253  -3.10675  -9.90763  7.82037  8.76963  7.10912  3.69312  -9.76273  -3.65325  -4.79363  -1.35252  8.28614  -6.76934  1.05063  -7.08549  -2.58285  -9.41101  -2.04838  -6.92092  3.24982  -3.19755  -1.32414  -0.60920  2.52830  1.76922  -6.71189  5.24401  7.01006  -6.10106  2.27374  8.10537  -9.72853  9.16699  8.19774  8.09184  7.93662  5.30686  1.78496  8.17389  -8.34639  6.99133  |
