| 0.07172  -0.02713  0.08799  -0.02287  0.09058  0.11474  -0.10374  -0.15739  0.00166  0.02284  0.05077  -0.00656  0.05105  0.03314  0.03296  -0.09207  -0.11532  -0.05074  -0.08049  -0.03404  0.01532  -0.05989  0.02592  -0.08656  -0.04875  0.04731  -0.02097  -0.01382  0.02365  -0.04260  0.01654  0.04836  0.04951  -0.01511  0.01247  0.11956  -0.17161  -0.06661  -0.00146  -0.00723  0.06278  -0.10433  0.03639  0.00857  0.05798  -0.00510  -0.04316  -0.06386  0.11177  0.09768  |
| 0.01064  -0.00894  -0.00768  -0.00075  -0.00760  -0.01460  0.01441  0.01375  -0.02411  -0.00890  0.02612  0.02183  0.00673  -0.00699  0.04158  -0.01303  -0.03144  0.02483  0.03677  0.02899  -0.00701  0.01029  -0.01790  -0.02628  0.02384  0.03109  -0.01472  0.00581  0.00963  -0.01190  -0.01584  -0.01237  0.02430  0.01570  0.01008  -0.04852  0.00991  0.01172  -0.01764  -0.01442  -0.00624  -0.01696  -0.00717  0.00896  -0.00553  -0.01820  -0.02234  0.00615  -0.01215  -0.03320  |
| 0.00859  -0.00205  -0.00127  -0.00425  -0.03121  0.00298  -0.00324  0.02581  -0.00791  0.01606  -0.02876  0.00097  -0.01942  0.00586  0.00811  0.01290  -0.01519  0.00787  -0.00254  -0.00234  -0.00071  -0.00838  -0.00828  -0.01868  -0.02156  0.00744  0.00095  -0.00738  0.00424  -0.01804  -0.00853  0.01036  0.04211  -0.00451  -0.01490  -0.01082  0.00826  -0.00054  0.01531  0.00013  0.02094  -0.00773  -0.00607  0.00509  -0.01803  -0.02227  -0.00821  0.00350  -0.01661  -0.00836  |
| -0.00268  0.09364  0.04500  0.00164  0.02481  0.05128  -0.04371  -0.08623  0.04287  0.06467  -0.06189  0.00312  0.08920  0.05257  -0.19358  0.01460  0.05369  -0.06891  -0.11376  -0.09853  0.04931  -0.06648  0.01078  0.07718  -0.11495  -0.07496  0.01749  0.01696  -0.01263  0.08639  -0.04780  0.03533  -0.09590  -0.02112  -0.02860  0.16095  -0.07686  0.01650  0.08375  -0.00065  -0.03822  0.02904  0.06792  0.01982  0.02285  0.03952  0.01908  -0.00561  0.04174  0.14261  |
| 0.12034  -0.04765  0.15284  -0.06310  0.14591  0.30646  -0.24916  -0.35074  -0.02308  0.09460  0.04159  -0.02671  0.14242  0.03138  0.00431  -0.21230  -0.25480  -0.14263  -0.17959  -0.10996  0.03314  -0.17639  0.04812  -0.13152  -0.11439  0.03291  -0.05101  -0.04224  0.06547  -0.09150  -0.00643  0.09316  0.08634  -0.03819  0.06396  0.27938  -0.35241  -0.11430  -0.00951  -0.00345  0.13252  -0.22594  0.10001  0.05487  0.09860  0.04377  -0.08074  -0.15942  0.23527  0.21801  |
| 0.03727  -0.03911  0.05503  -0.03839  0.06479  0.11525  -0.08134  -0.13081  -0.01923  0.01119  0.04346  -0.00052  0.05806  0.00481  0.04269  -0.08977  -0.09993  -0.03949  -0.06114  -0.03088  0.01315  -0.04867  0.01297  -0.06128  -0.02526  0.04003  -0.02777  -0.03006  0.02004  -0.04566  0.01478  0.02525  0.03231  -0.01876  0.03089  0.08372  -0.13880  -0.04172  -0.03284  0.02106  0.04720  -0.09805  0.02941  0.00119  0.04335  0.02619  -0.03275  -0.06171  0.09117  0.05952  |
| -0.00817  0.04474  -0.00349  0.00326  -0.00791  -0.02589  0.00464  0.02046  0.02650  0.01479  -0.03290  0.01527  -0.00689  0.01895  -0.07257  0.03937  0.05958  -0.00641  -0.01771  -0.03203  0.01626  -0.01020  -0.00377  0.01904  -0.03075  -0.03473  0.01329  0.02099  -0.01976  0.03647  -0.02237  0.00914  -0.02671  -0.00278  -0.04013  0.03291  0.02142  0.01167  0.04056  -0.00909  -0.01891  0.02951  0.01502  0.00940  -0.00670  -0.01312  0.00937  0.01978  -0.02597  0.03049  |
| -0.04402  0.00474  -0.04755  0.01296  -0.05032  -0.08501  0.06158  0.10382  0.00349  -0.03490  -0.02986  -0.00326  -0.06035  -0.02709  0.00757  0.05268  0.08181  0.04543  0.04679  0.03678  -0.01179  0.04351  -0.00731  0.03078  0.03706  -0.02009  -0.00011  -0.00797  -0.01877  -0.00416  0.01306  -0.04056  -0.01685  0.01297  -0.00386  -0.08184  0.10228  0.02802  -0.00206  0.02931  -0.01671  0.06968  -0.04089  -0.00842  -0.03628  -0.00725  0.03833  0.03795  -0.07545  -0.07425  |
| 0.02617  0.01712  0.05550  -0.01337  0.05601  0.09137  -0.07765  -0.13594  0.02203  0.05130  -0.00321  -0.00963  0.07584  0.03519  -0.07835  -0.05440  -0.03864  -0.06764  -0.10110  -0.08125  0.02934  -0.07345  0.02355  -0.01331  -0.06851  -0.02040  0.00598  -0.00129  0.00910  0.01855  -0.01029  0.04246  -0.02776  -0.02304  0.00417  0.15694  -0.12813  -0.03468  0.02643  -0.00997  0.01829  -0.04738  0.05471  0.01599  0.03650  0.02547  -0.00358  -0.04525  0.07593  0.11809  |
| -0.10267  0.06956  -0.15625  0.05150  -0.16620  -0.31003  0.25428  0.38338  0.02360  -0.07521  -0.06990  0.01792  -0.14926  -0.02099  -0.01895  0.23364  0.24866  0.13135  0.17745  0.11705  -0.04828  0.18401  -0.05095  0.12511  0.11441  -0.03081  0.04581  0.03325  -0.06663  0.08178  -0.00570  -0.09606  -0.06416  0.06303  -0.07901  -0.28756  0.37934  0.13126  0.03379  -0.00529  -0.12864  0.23851  -0.11852  -0.03798  -0.11247  -0.06237  0.07018  0.16198  -0.25815  -0.23722  |
| -0.04940  0.04869  -0.07226  0.03065  -0.06028  -0.12926  0.09769  0.13982  -0.00150  -0.01643  -0.02642  0.01102  -0.05127  0.00423  -0.02401  0.08612  0.09770  0.05747  0.07408  0.03075  -0.00561  0.07724  -0.03331  0.05966  0.04308  -0.00747  0.01585  0.03385  -0.01002  0.04509  -0.01334  -0.04036  -0.04473  0.00547  -0.02716  -0.09459  0.15759  0.05393  0.00840  -0.00682  -0.06014  0.09511  -0.02930  -0.03457  -0.03949  -0.01251  0.01160  0.07053  -0.10082  -0.08753  |
| -0.05004  0.01864  -0.02764  0.03110  -0.02220  -0.05421  0.03908  0.06359  0.03850  -0.01572  -0.02799  -0.01512  -0.02077  -0.02513  -0.06985  0.04362  0.11398  0.01539  0.00726  0.00586  0.00235  0.03046  -0.01030  0.08432  0.02663  -0.04647  0.02234  -0.00522  -0.04817  0.04917  -0.00336  -0.03910  -0.06688  0.00698  -0.01827  -0.02279  0.07524  0.02678  -0.00466  0.02014  -0.03365  0.08939  -0.01217  -0.01211  -0.01638  0.01629  0.05515  0.02700  -0.05829  -0.02425  |
| 0.03919  0.02430  0.10457  -0.02886  0.07700  0.19173  -0.14446  -0.20280  0.01584  0.04947  -0.02625  0.00612  0.13918  0.04602  -0.12459  -0.07374  -0.05394  -0.10857  -0.15675  -0.11559  0.06203  -0.12440  0.02948  0.00492  -0.12141  -0.03284  -0.00907  -0.01359  0.00976  0.01835  -0.03373  0.05354  -0.02168  -0.04815  0.01814  0.24281  -0.21584  -0.03230  0.05760  0.04048  0.04204  -0.07127  0.06164  0.03554  0.05522  0.07481  0.00310  -0.06321  0.11086  0.18340  |
| -0.09374  0.03724  -0.14766  0.04815  -0.13427  -0.27215  0.21305  0.31897  0.01227  -0.08749  -0.03820  0.01134  -0.12376  -0.04934  0.02849  0.18188  0.20264  0.13234  0.17014  0.12136  -0.02709  0.15333  -0.05990  0.11297  0.12003  -0.01348  0.01418  0.02243  -0.04966  0.05762  -0.00166  -0.08396  -0.05441  0.04675  -0.04827  -0.27067  0.32936  0.12407  -0.00007  0.00625  -0.11780  0.18443  -0.09906  -0.04647  -0.10588  -0.04103  0.05518  0.14080  -0.20965  -0.21635  |
| 0.08195  -0.09144  0.11626  -0.03478  0.12618  0.24680  -0.20722  -0.26663  -0.01841  0.04653  0.05668  -0.01981  0.09813  -0.01172  0.04782  -0.18099  -0.20427  -0.09391  -0.12561  -0.05894  0.00017  -0.12678  0.05874  -0.09687  -0.05952  0.04095  -0.03582  -0.05829  0.03087  -0.08596  0.02256  0.05130  0.08854  -0.03878  0.07658  0.20029  -0.27190  -0.11076  -0.06117  0.02460  0.11646  -0.18495  0.07637  0.04235  0.07038  0.04820  -0.05068  -0.13870  0.17810  0.15077  |
| 0.02545  0.01911  0.07467  -0.00877  0.08644  0.14079  -0.11809  -0.19783  0.01747  0.08134  0.00019  -0.00915  0.11458  0.01302  -0.09968  -0.09267  -0.08227  -0.11072  -0.12100  -0.07651  0.02791  -0.11102  0.03933  -0.00488  -0.10137  -0.02989  -0.00771  -0.00679  0.02032  0.02337  -0.02937  0.06128  -0.02576  -0.03717  0.02509  0.19035  -0.18744  -0.04407  0.02855  -0.02760  0.02282  -0.07686  0.07223  0.03426  0.05663  0.04336  -0.01605  -0.06327  0.13215  0.16490  |
| -0.01963  0.02962  -0.01635  0.00491  -0.03598  -0.03199  0.02512  0.05286  0.00612  0.01323  -0.03929  0.00482  -0.02060  0.00843  -0.04527  0.03756  0.03830  0.00558  -0.00001  -0.02361  0.01848  0.00247  -0.02065  0.02930  -0.01897  -0.01860  0.00596  0.01014  -0.00076  0.01757  -0.02599  -0.00517  -0.01884  0.00116  -0.02577  -0.00651  0.04964  0.02992  0.03893  -0.00551  -0.01132  0.04528  -0.00132  -0.00224  -0.01420  0.01008  0.01188  0.01455  -0.06087  -0.01785  |
| 0.01957  -0.00985  0.01259  -0.01599  -0.02475  0.02505  -0.00428  0.01865  -0.01474  -0.01012  -0.00850  -0.00166  -0.00478  0.01275  0.03523  0.01795  -0.00896  -0.00110  0.01018  0.00872  -0.02092  0.00586  -0.00606  -0.02093  -0.00259  0.01329  -0.01137  -0.01115  0.01582  -0.04083  0.00866  0.00561  0.03771  0.00099  0.02219  -0.03055  -0.00352  -0.00007  0.01191  0.02677  0.01443  -0.01494  -0.01480  0.02113  -0.01108  -0.01280  0.01391  -0.00024  0.00422  -0.02052  |
| -0.01839  0.05707  -0.06912  0.00964  -0.07017  -0.12461  0.08952  0.13701  0.00429  -0.00486  -0.01938  0.00745  -0.04773  0.02088  -0.02776  0.09728  0.10956  0.04505  0.05555  0.01201  0.00092  0.05531  -0.03347  0.03208  0.02196  -0.02829  0.02787  0.04085  -0.00710  0.04644  -0.01942  -0.02377  -0.04035  0.00677  -0.05214  -0.09556  0.13239  0.03389  0.03070  -0.02222  -0.05384  0.09140  -0.02596  -0.01488  -0.04407  -0.02942  0.00872  0.06035  -0.08246  -0.05344  |
| 0.12523  -0.01925  0.24219  -0.08333  0.22780  0.42185  -0.35167  -0.51366  0.00320  0.13132  0.02393  -0.03003  0.25729  0.06627  -0.10053  -0.26654  -0.24930  -0.23636  -0.30047  -0.19375  0.07212  -0.25681  0.08449  -0.09483  -0.21009  -0.01706  -0.06099  -0.04295  0.04969  -0.04068  -0.01315  0.12723  0.01137  -0.07790  0.08311  0.46620  -0.51892  -0.14544  0.03810  0.01007  0.13598  -0.26157  0.15546  0.08049  0.15770  0.08519  -0.04776  -0.18591  0.34134  0.37206  |
| 0.10445  -0.05771  0.15325  -0.05667  0.14451  0.28505  -0.21321  -0.31619  -0.02726  0.06835  0.04887  -0.01279  0.12756  0.04601  0.01251  -0.19710  -0.20989  -0.12689  -0.16690  -0.09380  0.02940  -0.15216  0.05216  -0.11986  -0.10288  0.03523  -0.03289  -0.02214  0.05557  -0.06995  0.00015  0.08867  0.05667  -0.04586  0.05532  0.25419  -0.34040  -0.11320  -0.01016  0.00009  0.11061  -0.19257  0.08963  0.04025  0.09392  0.03358  -0.06287  -0.13608  0.21543  0.20484  |
| 0.00702  0.07101  -0.01370  -0.00951  -0.02565  -0.02312  0.00597  0.00973  0.01753  0.03869  -0.03551  0.01957  0.02670  0.03274  -0.09060  0.03951  0.01716  -0.02674  -0.01231  -0.05699  0.03845  -0.00927  -0.01252  0.03712  -0.04956  -0.02286  0.01469  0.02254  0.01399  0.04137  -0.05061  0.01342  -0.03256  -0.00803  -0.04974  0.03902  0.01347  0.03250  0.04972  -0.03475  -0.04361  0.02982  0.02697  0.00163  -0.02504  0.00888  -0.01707  0.00808  -0.02488  0.03729  |
| 0.01833  -0.05038  0.08209  -0.02434  0.10420  0.14920  -0.13576  -0.19249  0.00625  0.02841  0.04801  -0.01820  0.08472  -0.02396  0.00953  -0.11540  -0.10146  -0.06753  -0.09262  -0.03734  0.01188  -0.09151  0.03597  -0.02669  -0.03055  0.00827  -0.03766  -0.02665  0.00058  -0.03919  0.02284  0.03241  0.00650  -0.00733  0.04950  0.15274  -0.18895  -0.06993  -0.02978  0.01504  0.05977  -0.10670  0.04247  0.03324  0.06142  0.04495  -0.00175  -0.08346  0.13580  0.11322  |
| -0.00134  -0.00577  0.01121  0.00217  0.01888  0.01852  -0.01707  -0.03080  0.00179  -0.00586  -0.01051  0.00658  0.01232  -0.00826  -0.01941  -0.01063  0.02184  -0.00286  -0.03054  -0.01606  -0.00227  -0.00655  0.01238  0.00672  0.00339  -0.01001  0.00467  -0.00548  -0.02166  0.00655  0.00611  -0.00614  -0.01131  0.00194  0.00064  0.02776  -0.02046  -0.00107  0.01133  0.01450  0.00408  0.00359  0.00573  -0.00016  0.01558  0.01587  0.01197  -0.00520  0.00802  0.01588  |
| -0.11210  -0.01508  -0.15521  0.06233  -0.12685  -0.26716  0.21803  0.32975  0.00197  -0.11730  -0.01368  0.00943  -0.16808  -0.07471  0.10027  0.16286  0.17605  0.17089  0.19637  0.16367  -0.07017  0.17641  -0.04370  0.09582  0.16087  0.00592  0.01828  -0.00642  -0.05033  0.00815  0.03760  -0.10564  -0.00388  0.05825  -0.02270  -0.31552  0.34251  0.09563  -0.05809  0.02805  -0.07544  0.17943  -0.12190  -0.04825  -0.08538  -0.04785  0.05964  0.13161  -0.22799  -0.27868  |
| -0.06253  0.04105  -0.06631  0.03292  -0.05922  -0.16028  0.13443  0.16312  0.04302  -0.03963  -0.04072  0.00098  -0.06287  -0.00530  -0.04843  0.12626  0.15006  0.04652  0.06966  0.04107  -0.02561  0.08403  -0.01838  0.07464  0.03920  -0.04784  0.04754  0.03592  -0.04006  0.07059  -0.01011  -0.03477  -0.07387  0.02596  -0.04621  -0.10722  0.16342  0.04826  0.03560  -0.00676  -0.07033  0.12503  -0.04435  -0.02532  -0.03987  -0.03483  0.05110  0.07203  -0.10362  -0.08467  |
| -0.08549  0.05631  -0.11360  0.05518  -0.07669  -0.19673  0.15465  0.20042  0.04183  -0.02672  -0.03725  0.02161  -0.07380  -0.02133  -0.06532  0.12612  0.17415  0.07469  0.07549  0.03942  0.00197  0.09139  -0.02871  0.10112  0.06062  -0.04240  0.03189  0.04191  -0.03895  0.08174  -0.01353  -0.06614  -0.08844  0.02746  -0.03770  -0.12547  0.20946  0.07468  0.01418  -0.02463  -0.07945  0.15235  -0.03946  -0.03965  -0.04367  -0.01495  0.04254  0.08893  -0.13990  -0.09921  |
| -0.06786  0.01735  -0.12636  0.03916  -0.10024  -0.20749  0.18436  0.23940  0.00316  -0.07853  0.00499  0.01285  -0.10319  -0.03347  0.04535  0.12748  0.12312  0.11517  0.15563  0.10348  -0.03521  0.12211  -0.03730  0.05364  0.10439  0.00583  0.01321  0.01876  -0.03070  0.03874  -0.01095  -0.05729  -0.02614  0.04623  -0.02520  -0.24306  0.23953  0.08577  -0.02998  -0.01054  -0.08475  0.11912  -0.07592  -0.05458  -0.07344  -0.02998  0.04163  0.10114  -0.15529  -0.18253  |
| -0.05434  -0.00372  -0.12736  0.02758  -0.11148  -0.21660  0.18634  0.25847  -0.01376  -0.07832  -0.00557  0.00992  -0.13334  -0.02844  0.07390  0.12779  0.13001  0.11543  0.15803  0.11244  -0.04565  0.13543  -0.04460  0.04142  0.10443  0.00825  0.03177  0.00637  -0.03298  0.01540  0.01446  -0.07645  0.00883  0.03861  -0.04568  -0.24601  0.26255  0.07644  -0.02601  -0.00812  -0.05818  0.11927  -0.09197  -0.04177  -0.08547  -0.05570  0.03076  0.10245  -0.16087  -0.19585  |
| 0.00931  -0.04727  0.04177  -0.01616  0.05400  0.07885  -0.06529  -0.07720  -0.01912  -0.04110  0.05826  -0.01827  0.03386  -0.02147  0.09238  -0.08648  -0.04990  0.00614  -0.01362  0.02317  -0.01670  -0.01341  0.01380  -0.02359  0.02367  0.03647  -0.04497  -0.02327  -0.00110  -0.03329  0.04368  -0.02114  0.02497  0.01357  0.04602  0.02020  -0.08597  -0.02207  -0.04986  0.04952  0.03048  -0.06116  -0.00580  0.00790  0.03778  0.02303  0.01598  -0.01803  0.06582  0.00572  |
| 0.02659  -0.11526  0.00093  -0.01164  0.05356  0.06045  -0.05482  -0.06413  -0.04162  -0.01965  0.09922  -0.01585  -0.01468  -0.05613  0.18534  -0.11896  -0.16577  0.02716  0.03498  0.07252  -0.03547  -0.01801  0.00657  -0.10983  0.07569  0.08702  -0.04153  -0.03722  0.04341  -0.11619  0.05599  -0.01836  0.09765  0.01708  0.07273  -0.05593  -0.05901  -0.06585  -0.12084  0.00033  0.08068  -0.11268  0.00701  -0.00661  0.03840  -0.00484  -0.04348  -0.06373  0.08588  -0.04124  |
| -0.07355  -0.01180  -0.13389  0.05197  -0.08422  -0.26255  0.20942  0.27475  -0.00905  -0.11123  0.02101  0.01840  -0.15075  -0.06085  0.09714  0.12273  0.13770  0.14517  0.16862  0.14517  -0.05024  0.16377  -0.03954  0.03997  0.15644  0.01945  0.01756  0.01577  -0.04554  0.03650  0.03360  -0.08448  -0.01653  0.07264  -0.04881  -0.28880  0.28439  0.07187  -0.05339  0.00415  -0.07791  0.13016  -0.08789  -0.05766  -0.07123  -0.05924  0.04131  0.13701  -0.17660  -0.22201  |
| 0.09705  -0.03823  0.17766  -0.04127  0.16296  0.29918  -0.25419  -0.35652  -0.00636  0.08651  0.02805  -0.01879  0.15868  0.03049  -0.05582  -0.20255  -0.19606  -0.15398  -0.20094  -0.12691  0.03696  -0.18089  0.05934  -0.07138  -0.12765  0.00400  -0.03916  -0.03939  0.04263  -0.04640  -0.00677  0.08745  0.04552  -0.05118  0.06158  0.31370  -0.35280  -0.11513  0.00745  0.00724  0.09560  -0.19705  0.09591  0.05390  0.10263  0.05069  -0.05573  -0.13587  0.23366  0.24302  |
| -0.00284  0.03173  0.09476  0.00173  0.07523  0.14368  -0.13158  -0.15695  0.04430  0.02506  -0.06134  -0.00648  0.10616  0.01897  -0.15060  -0.05359  0.03427  -0.08861  -0.14759  -0.10984  0.03878  -0.08670  0.02878  0.07091  -0.09517  -0.07131  -0.01078  -0.02600  -0.02836  0.04271  -0.00016  0.01352  -0.07875  -0.03003  0.01721  0.22382  -0.14811  -0.02221  0.05095  0.05742  0.02371  -0.01108  0.04578  0.04048  0.04831  0.07147  0.05182  -0.04605  0.09055  0.16066  |
| -0.04905  0.05386  -0.06408  0.02796  -0.04950  -0.14029  0.10087  0.14032  0.02712  -0.00712  -0.03410  0.01713  -0.04255  0.00694  -0.06751  0.09538  0.11764  0.05245  0.04413  0.01048  0.02119  0.06411  -0.03282  0.05907  0.01936  -0.03277  0.02961  0.02609  -0.01684  0.07584  -0.02892  -0.02312  -0.05760  0.01982  -0.05081  -0.07677  0.13728  0.07302  0.03144  -0.01853  -0.05759  0.11162  -0.01652  -0.03555  -0.03427  -0.02743  0.02255  0.06352  -0.10379  -0.05291  |
| 0.01823  0.01450  0.03337  -0.02739  0.04211  0.10760  -0.08397  -0.12399  -0.00965  0.04372  0.00122  -0.00033  0.07284  0.03125  -0.04211  -0.06266  -0.05803  -0.04672  -0.06566  -0.06608  0.05135  -0.06540  -0.00903  -0.01175  -0.06772  0.00389  -0.01229  0.00278  0.02861  0.00309  -0.03269  0.02628  -0.01346  -0.02417  0.01638  0.11236  -0.11549  -0.00977  0.01536  -0.00532  0.01276  -0.05237  0.04758  0.00503  0.03061  0.03964  -0.03606  -0.04385  0.06010  0.09242  |
| 0.00199  -0.01985  -0.03029  0.00697  -0.00145  -0.03197  0.00565  0.01407  0.00201  0.00388  0.02133  0.00985  -0.02860  -0.01995  0.03525  -0.00586  -0.03169  0.00922  0.03416  0.01762  -0.00590  0.00757  -0.01077  -0.02417  0.03263  0.01882  -0.00097  0.00375  0.01000  -0.00974  -0.00562  -0.00894  0.01761  0.01507  -0.00518  -0.03359  0.02035  0.00409  -0.03644  -0.01802  0.00231  -0.00429  -0.00702  -0.02298  -0.00125  -0.01005  -0.01601  -0.00186  -0.01716  -0.02158  |
| 0.03926  -0.04466  0.01538  -0.03732  0.01329  0.07802  -0.05754  -0.06671  -0.05746  0.01052  0.04918  -0.01327  0.00907  -0.01302  0.10790  -0.06831  -0.13311  -0.00656  0.01934  0.01022  -0.00188  -0.04004  -0.01268  -0.08843  -0.00669  0.06355  -0.02669  -0.01221  0.04914  -0.08616  0.00141  0.01883  0.08402  -0.01298  0.03507  -0.00870  -0.06771  -0.03220  -0.05317  -0.00932  0.05078  -0.08391  0.01458  0.00616  0.00431  -0.00269  -0.06922  -0.04253  0.05499  -0.01045  |
| -0.01417  0.01740  -0.05531  0.00886  -0.03494  -0.06412  0.05723  0.06405  -0.01294  -0.00734  0.01354  0.01195  -0.02973  -0.00616  0.01365  0.04347  0.01895  0.02812  0.04757  0.03083  -0.00722  0.03058  -0.02820  0.00634  0.03239  0.00442  0.00372  0.01680  0.00353  0.01537  -0.01027  -0.01187  0.00006  0.00109  -0.01341  -0.07484  0.07956  0.01641  -0.01030  -0.03370  -0.03730  0.02598  -0.01231  -0.02581  -0.02783  -0.02562  -0.01205  0.02432  -0.03386  -0.04808  |
| 0.03844  0.00113  0.02203  -0.02866  -0.00126  0.01986  -0.01771  -0.03373  -0.01505  0.01535  0.01616  -0.00367  0.00097  0.02123  0.03140  -0.00942  -0.05960  -0.00527  0.00712  -0.01364  -0.00591  -0.01397  -0.01093  -0.07300  -0.01409  0.03348  -0.00260  0.01171  0.03128  -0.02018  -0.02278  0.03370  0.04480  -0.00291  -0.01442  0.00502  -0.04687  -0.02214  0.00881  -0.02723  0.02788  -0.03965  0.01896  0.01140  0.01601  -0.02939  -0.04392  -0.01372  0.02812  0.02758  |
| 0.13438  -0.07066  0.22065  -0.06850  0.20559  0.42602  -0.33227  -0.47556  -0.02183  0.11075  0.03840  -0.01318  0.23372  0.04990  -0.03600  -0.27203  -0.28910  -0.20881  -0.26470  -0.15711  0.06506  -0.24683  0.07815  -0.12212  -0.17901  0.02812  -0.05635  -0.06784  0.05792  -0.09004  -0.00086  0.13017  0.08604  -0.07075  0.09848  0.42450  -0.50197  -0.15620  0.01221  0.02252  0.15086  -0.26921  0.13585  0.08639  0.13394  0.08894  -0.08181  -0.20855  0.31249  0.30976  |
| 0.02711  -0.00036  0.08371  -0.00791  0.06472  0.13138  -0.10498  -0.14210  0.01744  0.06542  -0.01726  -0.00147  0.07117  0.01062  -0.06572  -0.06977  -0.06114  -0.07087  -0.11162  -0.07402  0.01337  -0.09311  0.03074  -0.01934  -0.06684  -0.03231  -0.01092  -0.02068  0.00132  -0.01853  -0.00484  0.03713  0.00363  -0.01378  0.02452  0.16203  -0.15739  -0.05257  0.02827  -0.00529  0.04423  -0.07454  0.05537  0.04223  0.04317  0.02836  -0.00002  -0.06218  0.08624  0.12910  |
| 0.02727  0.03686  0.07817  -0.02192  0.07681  0.17108  -0.13887  -0.20861  0.02103  0.08516  -0.02678  0.00462  0.13567  0.04383  -0.13159  -0.07925  -0.07705  -0.11479  -0.14878  -0.12943  0.06159  -0.12950  0.02279  0.00650  -0.11529  -0.03217  -0.00859  -0.01999  0.02037  0.00874  -0.03283  0.05805  -0.04146  -0.03880  0.01967  0.23838  -0.20773  -0.03370  0.05954  -0.00188  0.04197  -0.07804  0.08270  0.03427  0.06463  0.05247  -0.02001  -0.09265  0.12061  0.19529  |
| 0.02216  0.01697  0.06354  -0.01340  0.03986  0.11177  -0.10487  -0.09351  0.01034  0.02268  -0.04117  -0.00842  0.06584  0.01424  -0.07672  -0.04062  -0.00779  -0.05952  -0.09512  -0.06582  0.03831  -0.06878  0.01066  0.02818  -0.07510  -0.02638  -0.01682  -0.01811  -0.00836  -0.00083  0.00324  0.02260  -0.00058  -0.03331  0.01962  0.14495  -0.11937  -0.01235  0.03565  0.04113  0.02224  -0.02514  0.01956  0.03583  0.02458  0.04054  0.01949  -0.03989  0.04667  0.09454  |
| -0.06872  0.01758  -0.15545  0.04717  -0.17031  -0.31269  0.26481  0.37999  0.00122  -0.11769  -0.01178  0.02385  -0.18673  -0.02224  0.09422  0.20227  0.20135  0.17594  0.20156  0.14979  -0.06744  0.21643  -0.05608  0.03577  0.14775  0.00970  0.06711  0.02934  -0.05132  0.03581  0.00123  -0.08065  -0.00343  0.08420  -0.07566  -0.35054  0.36420  0.09044  -0.02287  -0.00290  -0.08289  0.18211  -0.10536  -0.05474  -0.10427  -0.08948  0.05381  0.14641  -0.23942  -0.25459  |
| 0.03211  -0.00827  0.03794  -0.01925  0.03910  0.07800  -0.05367  -0.09436  -0.00104  0.02768  0.01100  -0.00838  0.03998  0.01912  -0.02531  -0.05755  -0.05203  -0.04619  -0.04915  -0.04305  0.00939  -0.03811  0.01894  -0.02819  -0.04938  -0.00911  -0.00042  0.00358  0.01707  -0.01083  0.00252  0.03614  0.00483  -0.02064  0.00387  0.08695  -0.09325  -0.03969  0.02249  -0.01549  0.03153  -0.04291  0.03305  0.00378  0.03900  0.01403  -0.02074  -0.02524  0.06576  0.07560  |
| -0.02134  0.01775  -0.04277  0.00819  -0.01615  -0.08258  0.07666  0.07306  -0.00242  -0.01216  0.00559  0.00364  -0.03986  -0.01647  0.02273  0.03382  0.02656  0.04129  0.05091  0.03235  -0.00716  0.03360  -0.02252  0.01130  0.04227  0.00354  0.00264  0.01313  -0.00651  0.02348  -0.00894  -0.01566  -0.02280  0.02824  -0.01157  -0.08318  0.08821  0.02369  0.00139  -0.01480  -0.03832  0.04152  -0.02030  -0.01405  -0.01462  -0.02824  -0.00239  0.04679  -0.03670  -0.05969  |
| 0.01129  -0.02220  0.02933  -0.01310  0.04350  0.06144  -0.03931  -0.08295  -0.01048  0.01166  0.02419  -0.02004  0.02584  0.01493  0.01394  -0.06640  -0.04917  -0.02196  -0.03925  -0.03792  0.01046  -0.02912  0.00381  -0.03819  -0.01786  -0.00188  -0.01345  0.00924  0.01044  -0.01103  -0.00085  0.00902  0.01244  -0.01433  0.01396  0.05146  -0.07551  -0.02328  -0.01068  -0.00599  0.02604  -0.04454  0.02968  0.00087  0.02734  0.01657  -0.01744  -0.02805  0.05991  0.05456  |
| 0.01513  -0.00455  0.03732  -0.00123  0.01489  0.05238  -0.03120  -0.02860  -0.01457  -0.01632  -0.00877  0.00024  0.02720  0.01831  -0.00240  -0.00879  -0.00865  -0.01261  -0.03898  -0.00204  0.00711  -0.00266  0.01135  0.00486  -0.02405  0.00657  -0.00407  -0.02138  -0.00171  -0.01070  0.01041  0.00258  -0.00242  -0.01427  0.01382  0.05177  -0.04792  0.00189  0.01996  0.03522  0.00733  -0.01226  -0.01732  0.01115  0.01706  0.01005  0.01038  0.00232  0.02911  0.01120  |
| -0.11288  0.07194  -0.20452  0.05851  -0.18016  -0.33592  0.27435  0.37846  0.00029  -0.07527  -0.04008  0.02488  -0.14326  -0.03080  0.00797  0.23204  0.22931  0.16656  0.21699  0.10898  -0.00520  0.18212  -0.08312  0.12349  0.12066  0.00088  0.04251  0.04015  -0.03132  0.07459  -0.02565  -0.09694  -0.07263  0.04621  -0.08240  -0.31600  0.41077  0.14668  -0.00615  -0.01440  -0.14464  0.22664  -0.09831  -0.07369  -0.11754  -0.05482  0.04046  0.14745  -0.26836  -0.24912  |
